在原文件第几行	插值缺少几行
1316	68
1881	43
1995	1
2538	1
4219	306
5033	1534
5298	1
5388	1
5421	126
5739	1
5752	80
5860	1187
6534	60
6780	569
6866	2215
7082	109
7156	62
7427	689
7769	52
8645	1
8646	1
9405	5475
9532	395
10906	966
10993	1789
11368	92
11636	40
11830	92
11923	52
11945	50
12224	1
12699	62
13309	43
13515	186
13701	50
14405	46
14626	43
14999	339
16702	43
16802	1882
17387	55
17601	45
17626	44
17778	10
17833	75
17928	41
18123	17
18132	1
18135	1
18144	1
18149	1
18161	1
18163	1
18165	20
18313	17
18326	1
18442	43
18490	8
18507	16
18590	1
18672	57
18934	121
19429	106
19430	1
19433	427
19976	31
21239	298
22081	42
22140	94
22326	542
22720	43
22887	526
23840	2151
24641	87
24670	1
24822	56
25028	2660
25755	37
26145	47
26158	301
26385	130
26509	51
26920	136
27115	7079
27241	170
27533	45
28007	47
28220	231
30869	44
31280	41
31636	36
31640	46
32037	42
32643	171
32681	2448
32726	537
32803	126
32965	5478
33202	265
33532	47
33739	1
33742	14
33744	58
33943	76
34174	60
34518	36
34746	132
35312	77
35412	62
35941	59
37026	169
37027	46
37806	1
37861	52
38004	466
38187	1311
38325	1067
38474	1
38592	1
38611	2
38668	1
38689	1
38699	210
38720	40
38911	438
39255	144
39610	46
39868	89
39965	1
40055	183
40115	21
40399	52
40566	106
40747	37
40821	47
40908	156
41190	86
41297	173
41355	125
41461	243
41621	167
41812	1517
41814	78
41989	347
42028	159
42110	89
42140	10
42142	319
42378	41
42536	196
42647	76
42712	40
42876	383
42943	197
43005	1
43084	112
43172	53
43623	445
43700	82
43755	124
43888	327
43954	66
43957	349
44218	86
44322	213
44586	50
44860	106
45305	130
45719	359
46253	32
46262	74
46462	51
46918	64
46926	54
46972	99
47038	41
47259	71
47393	227
47557	76
47614	51
47620	59
47869	53
48596	37
48830	48
49218	91
49394	31
49430	1
49663	38606
49934	315
49936	179
50413	89
50489	1665
50604	1
50610	19
50611	101
50656	49
50847	84
51409	1
51523	1
51545	1
51552	1
51559	1
51704	113
51747	102
52618	46
52683	84
52824	490
52868	129
53167	1
53171	1
53371	47
53377	1
53382	1
53470	1
53518	1
53562	55
53983	48
54103	63
54171	42
54642	1149
55028	1108
55332	1
55357	1
55864	542
55889	59
55894	112
56524	81
56568	36
56720	130
56777	41
56887	1645
56913	91
57083	39
57122	1631
57208	1
57681	520
57803	148
58433	91
58510	920
58808	51
59474	1
59800	61
59843	40
59894	41
59960	1680
60221	1
60408	1
60655	73
60959	58
61169	55
61423	79
61834	149
61837	1
61848	1
61851	1
61966	42
62005	78
62148	898
62643	1040
63300	1188
63592	627
63997	93
64028	1527
64344	1
64390	1
64517	3011
64593	2617
64635	1386
65612	1040
66462	1819
66849	509
67190	38
68806	2968
69608	74
69916	43
70129	1223
70154	505
70342	66
70676	32
70864	60
71257	157
71292	72
71509	312
71908	50
71953	59
72115	113
72546	920
73095	1
73125	2048
73297	93
73373	8671
79763	17210
79768	103
80138	83
80234	3646
80403	45
81886	51
82047	49
82298	54
82402	28
82974	74
83405	1
83672	59
83799	1
83808	21
83809	21
83835	38
84058	401
84472	59
84605	633
84920	80
85193	86
85647	66
85742	145
85760	49
85914	41
85921	45
86000	109
86072	1
86077	1
86090	1
86201	71
86250	53
87125	718
87932	503
88414	142
89446	46
89451	44
89501	110
90639	97
90667	58
90804	141
91599	1
91669	1
91673	1
92117	378
92120	46
92176	55
92304	51
92947	221
93618	132
93660	77
93678	101
93718	224
94691	54
95425	49
95614	74
96643	22
96657	33
96723	66
97227	359
97349	59
97452	9
97895	248
97913	197
98564	41
98575	37
99186	1
100745	36
100834	54
101318	285
101375	307
101480	74
101516	1
101694	1
101697	1
101781	155
102319	1
102374	1
102412	1
102416	1
102479	1
103021	802
103359	1
103364	51
103518	1
103593	57
104040	1758
104073	1
104091	41
104104	37
104216	1
104462	906
105015	90
105160	793
105357	370
105726	1
105779	104
105922	37
105992	244
106290	87
106411	107
107064	40
107152	74
107689	42
107880	45
107937	50
108090	38
108095	44
108132	94
108176	70
108217	60
108374	48
108587	14579
109008	45
109296	570
109461	106
109571	42
109884	25906
109971	52
110532	90
110642	1496
110903	5399
111021	214
111290	65
111316	40
111468	42
111848	40
111853	45
113122	92
113273	46
113469	1
113777	1
113866	1
113893	1
114108	45
114245	208
114502	137
114712	439
114939	56
114951	103
115274	630
115443	97
115505	120
116098	124
116160	46
116514	40
116584	537
116938	219
116956	1
117351	230
117356	46
117459	94
117608	1
117675	82
118094	61
118111	1118
118302	52
118345	55
118633	174
118649	176
118651	1
118655	1
118658	6
118659	4
118660	3
118666	1
120641	42
120695	126
120699	49
120898	182
120998	68
121372	1
122159	1
122395	84
122496	85
122731	60
123141	964
123667	79
123900	229
124037	1
124983	195
125140	227
125150	151
125151	59
125238	67
125241	52
125400	201
125569	57
125997	122
126692	47
126695	1
126707	1
126739	1
127443	84
127954	352
129458	2635
129517	204
129530	1
129988	754
130033	174
130780	239
131082	78
131165	39
131285	723
131410	103
131874	213
131991	47
132270	61
132795	114
133215	1
133591	55
133598	121
134229	1
134354	1
134463	2483
134800	44
135352	280
135506	293
136587	42
136793	99
136869	44
136899	66
137346	211
137500	41
137812	36
137821	61
138181	1367
138545	51
138604	34
138875	55
138934	48
138958	55
139041	36
139056	12
139057	1
139099	67
139212	36
139432	13
139454	1
139462	32
139733	13
139740	1
139741	78
139779	42
139845	13
139991	52
140191	35
140226	112
140772	404
141053	46
141682	55
141829	284
141888	280
143451	66
143499	49
143919	1595
144514	837
145002	5544
145005	82
145372	154
145741	38
146223	50
146345	153
146353	68
146671	6515
146878	1
147344	133
147547	87
148357	69
148859	52
149334	1
149585	35
150596	38
150923	37
151682	90
151891	65
152074	694
152166	1
152176	1
152215	43
152352	4
152353	24
152357	20
152412	4
153034	29
153090	14
153138	46
153251	29
153522	29
154058	7
154118	57
154166	46
154352	268
154514	52
154561	59
155059	55
155277	102
155312	1
155657	1216
155762	32
155779	3321
156189	97
156273	8439
156468	103
156507	48
156535	38
156607	43
156631	48
156658	37
156686	49
156712	95
156737	50
157839	604
158749	171
158784	49
158857	153
158985	131
159113	54
159221	46
160073	65
160081	42
160753	32
160807	38
160848	59
160928	55
160961	591
161533	62
161782	54
162029	705
162240	38
162248	42
162396	39
162452	75
162863	537
162893	3003
163690	85
163823	58
164136	48
164248	70
164337	11225
164562	104
164944	87
164951	56
165032	39
165053	10
165286	47
165481	26
165482	1
165490	1
165496	1
165507	1
165508	30
165653	27
165657	1
165669	31
166346	75
166391	95
167034	37
167865	111
167888	1
167904	10
167905	162
168404	35
170206	32
170327	94
170793	14
170911	226
171463	42
171758	288
172019	88
172029	61
172042	117
173401	179
173455	105
173471	1268
173617	491
173690	55
174050	73
174334	39
174382	40
174491	66
174545	110
174714	92
174930	37
175209	239
175210	5
175864	97
176223	51
176622	37
176697	63
177183	134
177358	80
177492	10
177645	24
177796	19098
178320	142
178597	68
178600	60
179643	82
179645	1
179652	1
179659	1
179660	1
179664	1
179729	3
179814	3
180301	3
180325	54
180367	43
180374	45
180414	3
180649	3
181111	35
181269	46
181292	40
181425	116
181450	40
181534	54
181751	64
181812	46
182016	76
182136	113
182346	39
182446	54
183468	640
183607	482
184165	39
184172	636
184273	61
184580	4603
184665	85
185053	2392
185686	733
处理前列数 	185725
处理后列数 	185856
